50
9481.85 25548.50
2123.95 14208.52
2678.90 16439.81
16340.25 28795.48
15639.60 20198.72
5653.76 2361.64
3138.88 7483.0
10481.54 13144.36
16202.76 1781.41
4618.68 30868.21
6398.90 9644.40
8765.91 8774.39
19240.41 12375.32
3363.65 4321.75
23056.25 19144.90
1168.98 885.35
28664.6 17708.87
17429.14 20269.91
8352.30 19342.86
3199.88 1747.37
7362.21 1363.9
3928.35 4682.78
21909.2 9405.35
19044.30 13841.65
4171.94 26218.14
21284.69 2756.98
27029.50 212.0
4692.88 25756.85
18716.67 977.16
28526.73 10988.29
17672.19 10258.88
27686.25 8101.10
30075.16 3750.50
12270.38 5841.21
14357.10 28790.66
882.36 7705.4
25456.31 15817.28
15388.5 5185.70
27299.33 11712.25
6031.95 12456.29
28865.72 15832.21
1837.95 31435.56
19544.94 8557.92
27539.14 12737.33
31476.89 8500.51
16409.59 9150.19
1180.86 27326.89
13909.60 30098.35
20306.14 20473.45
16791.26 23082.81
0
