250
5990 4318
2240 2114
12717 1255
16218 16321
1552 14100
18985 10965
15328 11342
2822 10077
15299 3185
5921 18446
16322 7586
552 11278
10422 6288
2777 13394
17683 5388
7559 12984
3186 11752
13038 8387
19743 4017
5943 7386
8359 10380
11018 8544
7232 2546
4118 16401
11414 10795
8450 3905
14841 4011
7633 19860
9159 3471
18903 10045
3387 4855
7807 10680
8658 4512
3416 2886
17185 5352
12035 13163
14137 417
5021 18793
950 9169
7628 11674
1098 16432
651 2897
44 11135
11158 7982
2719 18664
7477 15458
260 3065
9640 5577
13632 1472
6614 4768
4971 582
19990 13291
11965 6923
6810 5320
16089 13509
3711 8657
2167 5688
12725 820
3026 15572
18158 18867
16086 6609
2120 14170
11623 2764
8570 10403
18674 16638
4257 11212
7060 385
18376 7347
4268 14978
3353 2518
10754 18756
18566 5582
3476 4827
8790 6629
15077 19299
11504 15675
7427 13796
14217 8732
10364 9286
15950 5055
12001 1300
8496 10175
5910 18034
11602 16538
12190 12478
6611 13867
14313 5160
15931 2311
7066 11857
5192 58
17050 6884
4374 15967
4256 11223
3537 19713
9563 16097
13434 2133
3940 184
12635 403
9702 2161
1610 14776
15147 15223
2463 15326
14629 13863
8150 342
17089 16529
4962 11627
15532 11024
5784 4470
1730 10563
9303 4000
4635 6483
18520 15867
5236 15300
3898 9728
16191 3990
18954 10374
11274 9060
16244 19175
10831 3067
5101 19411
5345 2037
10588 2641
8369 14237
9516 313
15428 8001
2963 2034
11189 6325
19007 14892
8745 9326
14501 18461
16087 10105
4489 13276
8051 7743
12749 8479
13311 11866
12506 2581
11281 8852
5711 10723
4674 14404
3500 2559
17500 5927
2653 6734
8865 2399
5767 7773
2203 3919
3349 10466
4135 9682
9375 18897
608 15071
17919 4317
10957 9181
11923 11156
10922 5350
18961 18745
4823 4765
7663 4672
515 11246
7661 12876
8566 11306
5513 10249
993 10783
3264 5928
806 7257
13381 11517
6183 15515
2691 9626
3920 6524
9682 15305
707 17186
5660 5900
2151 8383
3309 7285
11920 4302
15036 485
19693 12236
15259 12453
2612 3990
6528 10278
16141 9958
13809 8121
9665 5293
4690 14285
3617 3535
718 5132
10262 8994
15047 2164
12331 9220
2046 5430
1276 4415
2977 368
2910 12510
2327 11691
4971 13196
17644 12501
372 13041
3805 14556
10821 12363
8227 2798
12727 2446
3040 5139
7481 18844
8586 8296
11227 1059
13018 6842
18559 2649
9140 12422
2912 16504
2644 12435
8096 15961
2268 17900
7763 1586
6816 2142
4301 10895
11534 12150
6891 8081
4958 7000
11748 9322
14430 15840
11502 276
6746 889
15857 9044
17869 9022
4588 2258
2442 6324
1353 1589
5513 17027
16609 3264
9362 11064
12399 1263
5067 8413
11317 13392
17858 2323
19024 1986
7417 7125
18782 11374
18516 11340
137 19848
5732 11633
15162 4868
5489 6630
12830 3896
4714 3987
10935 6645
6572 14210
6755 8356
5971 10137
4173 1155
8963 17115
149 11837
9077 798
0